method     hit   prec  recall    mrr   ndcg       ms
cosine    0.96   0.66    0.91   0.89   0.69    540.4
mmr       0.96   0.53    0.90   0.89   0.69    511.9
bm25      0.88   0.67    0.82   0.81   0.69     11.5
hybrid    0.92   0.72    0.90   0.82   0.70    508.0


cosine 50/50


cosine    0.96   0.66    0.91   0.89   0.69    695.7
mmr       0.96   0.53    0.90   0.89   0.69   1004.5
bm25      0.88   0.67    0.82   0.81   0.69     10.8
hybrid50  0.92   0.72    0.90   0.82   0.70    748.2
hybrid60  0.96   0.66    0.91   0.89   0.69    870.8
hybrid70  0.96   0.66    0.91   0.89   0.69    688.1
hybrid80  0.96   0.66    0.91   0.89   0.69    684.1

hybrid variants